-1,5,0
-1,5,1
-1,5,2
-1,5,3
-1,5,4
-1,5,5
-1,5,6
-1,5,7
-1,5,8
-1,5,9
-1,10,0
-1,10,1
-1,10,2
-1,10,3
-1,10,4
-1,10,5
-1,10,6
-1,10,7
-1,10,8
-1,10,9
-1,15,0
-1,15,1
-1,15,2
-1,15,3
-1,15,4
-1,15,5
-1,15,6
-1,15,7
-1,15,8
-1,15,9
1,5,0
1,5,1
1,5,2
1,5,3
1,5,4
1,5,5
1,5,6
1,5,7
1,5,8
1,5,9
1,10,0
1,10,1
1,10,2
1,10,3
1,10,4
1,10,5
1,10,6
1,10,7
1,10,8
1,10,9
1,15,0
1,15,1
1,15,2
1,15,3
1,15,4
1,15,5
1,15,6
1,15,7
1,15,8
1,15,9
5,5,0
5,5,1
5,5,2
5,5,3
5,5,4
5,5,5
5,5,6
5,5,7
5,5,8
5,5,9
5,10,0
5,10,1
5,10,2
5,10,3
5,10,4
5,10,5
5,10,6
5,10,7
5,10,8
5,10,9
5,15,0
5,15,1
5,15,2
5,15,3
5,15,4
5,15,5
5,15,6
5,15,7
5,15,8
5,15,9
10,5,0
10,5,1
10,5,2
10,5,3
10,5,4
10,5,5
10,5,6
10,5,7
10,5,8
10,5,9
10,10,0
10,10,1
10,10,2
10,10,3
10,10,4
10,10,5
10,10,6
10,10,7
10,10,8
10,10,9
10,15,0
10,15,1
10,15,2
10,15,3
10,15,4
10,15,5
10,15,6
10,15,7
10,15,8
10,15,9
100,5,0
100,5,1
100,5,2
100,5,3
100,5,4
100,5,5
100,5,6
100,5,7
100,5,8
100,5,9
100,10,0
100,10,1
100,10,2
100,10,3
100,10,4
100,10,5
100,10,6
100,10,7
100,10,8
100,10,9
100,15,0
100,15,1
100,15,2
100,15,3
100,15,4
100,15,5
100,15,6
100,15,7
100,15,8
100,15,9
